50

18
35 43
7 28
26 22
19 44
4 19
2 14
41 1
15 49
33 44
33 14
48 30
38 6
4 45
32 40
48 17
15 20
5 49
30 25

19
6 44
11 13
39 10
44 10
33 2
45 44
43 38
9 16
37 41
38 20
46 3
24 32
31 4
3 30
8 12
39 9
27 41
3 29
27 2

15
9 39
5 37
24 47
29 11
13 10
1 24
41 11
25 11
35 33
17 14
31 49
40 43
7 32
21 9
14 48

11
2 1
48 9
45 3
31 48
47 31
28 10
31 22
10 43
28 12
29 39
15 31

13
1 38
18 1
20 4
34 35
36 33
9 15
11 20
43 30
28 27
7 42
8 44
21 8
30 16

19
23 11
48 36
13 7
34 15
45 26
14 16
19 8
41 30
46 34
11 15
47 43
31 12
27 43
46 13
28 7
29 38
43 21
29 32
39 41

9
45 24
2 6
37 29
45 13
32 18
29 27
10 2
4 17
1 31

4
16 26
47 20
8 4
45 33

17
34 38
8 25
33 38
15 37
23 1
21 49
21 30
4 22
13 16
12 45
25 36
21 13
23 4
13 26
12 19
11 48
37 46

3
26 46
34 17
3 16

15
22 31
47 12
9 7
12 5
14 1
42 14
14 30
18 7
37 22
41 6
16 44
44 45
39 34
9 36
18 6

5
47 49
27 12
32 31
8 36
16 23

13
31 14
5 36
45 1
40 3
39 23
34 40
19 32
22 24
28 49
17 31
11 13
30 23
26 20

9
41 22
29 26
21 33
36 25
18 6
3 40
17 20
11 14
28 17

17
31 9
13 17
12 49
42 48
41 35
46 39
20 49
46 13
13 41
24 14
27 36
29 24
18 8
28 42
6 46
14 30
29 47

18
30 2
21 47
29 10
37 25
10 39
16 30
19 23
28 23
18 25
4 6
23 21
43 7
40 43
43 33
14 21
21 31
7 21
25 41

10
48 32
48 2
40 4
21 31
3 1
36 19
32 7
6 27
33 1
43 17

2
39 2
30 23

4
23 14
15 46
11 47
28 27

13
36 46
24 1
13 22
26 12
41 44
9 17
19 41
46 28
9 15
29 42
27 47
28 36
38 25

18
31 13
32 24
9 26
47 33
25 30
19 26
37 25
21 23
23 47
6 15
34 12
43 41
34 16
42 40
3 13
28 2
15 11
6 9

12
12 43
28 38
27 32
5 23
6 39
5 34
1 41
11 5
13 11
8 6
49 23
46 47

12
8 34
19 20
2 40
13 46
8 1
39 44
48 24
30 20
46 19
7 26
4 34
13 8

7
44 46
11 25
18 35
28 29
18 37
36 24
15 20

17
14 4
20 18
41 2
15 2
22 23
18 35
32 24
14 47
6 28
47 29
46 17
15 32
6 27
4 3
7 39
29 41
21 28

2
28 10
46 35

9
20 7
38 31
1 44
46 43
30 7
5 12
37 23
20 41
29 5

10
8 19
18 14
3 41
1 35
12 19
22 41
35 33
49 40
6 27
18 14

10
34 33
4 42
12 5
11 22
8 28
27 13
42 7
13 40
47 27
37 9

17
30 39
7 9
11 2
8 9
14 31
32 4
28 19
18 20
46 32
10 24
35 5
40 9
14 17
26 41
20 26
25 20
6 20

8
49 17
47 38
3 27
1 26
7 27
39 35
10 14
3 4

11
42 1
26 14
49 1
3 49
14 33
38 18
31 20
10 21
24 38
41 2
27 15

12
47 12
45 13
24 19
30 6
23 3
20 48
7 32
34 43
14 21
4 31
42 34
23 2

16
24 11
43 5
23 7
31 44
36 23
26 42
2 19
37 24
43 18
20 13
32 25
21 31
42 48
47 36
36 9
13 5

11
30 15
46 43
28 37
45 38
19 5
20 14
10 32
1 22
14 7
5 48
42 48

11
4 12
15 10
15 6
41 7
46 4
26 1
14 1
3 18
28 4
43 4
42 19

19
16 27
34 24
31 36
33 12
32 5
36 23
27 24
19 3
38 2
33 20
14 21
48 31
3 27
47 34
21 2
19 15
7 19
3 39
32 38

4
46 36
45 46
5 32
6 5

16
14 35
33 23
14 44
2 15
38 18
14 12
15 32
43 22
38 30
40 31
43 5
5 21
16 8
39 6
46 2
6 48

16
43 12
13 3
37 24
20 13
14 37
47 11
18 8
10 7
43 24
46 10
39 26
23 21
36 2
1 11
3 38
20 42

13
43 48
29 5
15 46
33 23
11 9
29 21
4 5
22 30
47 1
12 48
31 6
38 6
8 27

15
39 21
7 41
23 25
20 4
35 18
37 21
17 30
32 33
10 17
48 13
30 23
36 8
16 2
19 3
2 1

14
48 21
2 3
46 4
38 28
34 37
38 21
29 15
23 40
30 23
33 27
24 11
12 40
26 17
15 5

13
48 47
3 37
34 48
37 32
17 46
5 6
25 29
36 10
47 23
38 5
39 3
19 1
28 2

11
27 17
17 7
16 1
13 12
1 27
49 31
13 30
20 3
21 18
9 38
15 35

16
11 39
38 21
19 1
36 35
23 42
41 33
38 19
39 30
36 45
36 7
10 13
5 45
45 8
33 18
17 48
40 12

10
12 21
42 41
46 7
5 28
40 27
43 27
30 1
19 10
26 31
42 49

14
3 24
6 23
28 6
19 47
8 21
26 43
15 23
6 23
46 4
17 47
25 28
11 5
17 6
47 28

6
29 14
44 13
42 8
36 9
26 18
42 16

4
30 46
44 28
15 30
19 38

