50

10
31 46
19 49
1 17
20 26
41 9
17 12
30 3
7 49
34 32
17 49

18
20 8
4 35
48 42
31 8
17 49
7 48
17 35
47 38
42 28
41 12
31 37
36 39
25 33
46 26
6 38
33 12
40 14
49 5

11
38 29
48 2
22 4
38 24
45 48
32 6
17 18
13 35
30 25
39 31
48 49

8
18 5
12 48
40 9
8 30
19 10
25 14
13 21
46 42

13
2 7
23 26
49 39
21 18
9 20
24 25
3 17
27 15
4 18
10 8
34 26
14 7
49 9

9
44 24
31 35
34 32
16 42
15 39
23 22
27 34
5 48
2 23

10
48 14
15 28
11 7
25 23
24 2
6 15
33 21
37 19
25 38
32 9

15
1 29
48 16
14 38
3 6
30 46
37 46
8 46
40 15
17 46
22 34
30 47
33 21
21 1
48 19
33 28

1
46 17

15
46 18
40 2
39 1
28 35
35 4
40 6
30 31
45 34
22 19
12 14
35 27
18 31
48 1
4 2
19 47

3
17 29
37 45
23 7

16
47 33
38 14
3 36
28 19
12 26
22 18
49 7
31 47
26 7
26 35
7 12
12 14
17 33
40 35
5 1
3 29

11
14 43
7 12
4 13
10 37
31 12
31 17
43 31
15 18
22 31
37 26
8 43

15
33 6
8 17
14 18
41 49
15 1
34 44
38 33
18 47
18 23
22 3
34 25
7 5
20 38
41 25
10 9

18
38 45
5 30
16 48
23 3
11 30
40 30
9 16
5 3
17 22
6 35
39 24
47 23
37 49
6 34
19 29
47 31
40 30
22 39

11
19 25
30 39
19 47
31 40
8 11
26 35
1 12
31 13
32 19
49 29
5 32

18
18 12
47 22
40 19
49 5
42 2
25 43
41 13
3 42
35 44
9 31
41 30
11 15
3 22
12 39
32 37
30 49
36 48
3 34

3
45 29
15 18
13 12

6
20 12
2 44
20 12
16 47
29 30
11 8

17
28 21
6 4
48 38
21 20
14 3
44 19
42 28
5 44
7 31
2 26
19 28
4 19
49 43
7 42
17 21
11 37
44 35

11
42 24
34 25
42 21
35 7
10 34
9 34
40 3
26 32
12 1
22 38
6 19

2
44 27
15 5

18
30 38
9 12
30 28
3 18
1 45
40 5
16 49
17 10
27 29
9 5
43 38
20 25
16 15
14 32
39 27
44 4
16 43
15 35

18
12 33
14 1
27 6
48 37
24 21
40 35
47 5
25 48
22 1
41 2
25 19
25 19
13 7
18 26
39 22
26 14
4 8
25 9

13
36 4
7 18
37 45
48 12
12 26
33 42
17 10
40 35
31 2
16 23
15 10
3 16
7 39

1
36 10

19
20 29
45 29
35 20
18 27
8 9
38 39
2 33
44 15
41 13
47 39
2 7
36 39
43 9
20 15
17 23
5 4
11 14
15 43
8 30

14
15 6
8 22
44 12
28 13
37 27
23 14
17 13
40 43
44 40
38 40
14 18
18 15
1 33
8 35

1
34 22

13
33 25
17 20
24 32
32 22
1 3
38 27
2 8
10 19
44 26
19 10
5 37
13 45
10 49

15
2 49
32 47
39 22
12 46
30 38
49 6
38 1
3 24
12 48
18 23
29 6
31 42
32 28
33 38
42 7

1
33 46

6
4 46
49 37
44 3
13 33
15 10
19 37

8
14 44
34 14
14 38
36 18
11 19
36 35
16 28
30 25

7
34 37
27 38
46 2
45 18
39 47
22 38
3 6

6
31 25
30 5
21 45
10 4
33 28
45 47

15
28 42
43 48
38 8
3 1
26 35
30 13
16 15
42 6
13 23
19 45
15 28
20 48
5 23
14 38
35 43

14
21 2
43 30
48 38
27 2
22 33
18 40
48 1
49 20
8 41
25 9
11 23
46 13
2 34
5 38

10
34 18
36 6
16 24
43 48
40 6
36 16
18 21
29 17
35 6
26 18

15
46 38
33 22
30 29
27 37
21 4
15 37
39 11
16 24
42 14
44 10
32 28
8 32
39 33
35 27
23 18

5
25 13
34 40
48 38
28 20
6 49

10
4 2
8 47
21 34
40 44
15 2
2 31
17 5
35 41
28 6
45 42

14
41 31
48 33
43 40
9 13
46 3
3 41
18 16
5 8
21 15
35 45
27 46
48 5
15 18
26 48

7
39 11
41 34
12 35
29 3
16 45
33 32
22 10

7
19 47
35 6
29 33
32 34
47 35
41 4
42 1

1
31 25

8
30 11
22 49
45 47
20 48
37 15
34 31
21 49
29 34

19
49 46
11 18
12 31
42 34
38 25
47 45
13 14
12 19
40 4
7 38
47 45
31 19
39 42
29 10
24 31
11 48
39 31
8 40
10 19

12
12 31
16 46
17 41
10 42
49 8
20 9
2 12
44 1
44 9
8 17
24 35
31 14

17
19 17
21 26
43 8
7 28
43 18
45 22
33 23
40 49
4 42
39 13
46 3
17 22
1 21
29 33
3 13
48 26
35 20

